7
10
13
14
14
16
17
18
19
23
23
24
26
29
30
31
33
34
36
36
39
41
43
45
46
48
49
50
53
54
56
57
59
63
64
64
66
68
69
71
72
73
74
76
76
77
79
80
81
82
83
84
86
87
89
89
91
94
94
96
98
100
102
103
104
106
109
110
109
110
112
113
115
116
117
118
119
121
122
124
125
126
127
129
129
132
132
134
135
137
138
139
141
141
142
143
144
145
146
148
148
149
150
151
152
153
154
155
156
158
158
159
161
161
162
163
164
165
166
167
168
169
170
171
172
173
174
175
176
177
177
178
180
180
181
182
183
184
183
184
185
186
189
189
190
189
190
191
192
193
193
194
197
196
191
202
196
200
0
201
0
199
0
195
206
204
210
209
210
0
202
0
0
217
210
210
0
0
0
220
0
221
215
217
211
227
225
220
223
216
0
0
225
230
0
0
223
222
0
0
229
235
229
229
230
227
233
0
0
243
240
234
232
252
255
251
253
255
249
255
252
246
0
255
253
243
239
255
255
247
250
255
255
0
250
0
247
0
0
0
0
254
253
0
0
0
254
254
253
252
254
254
255
255
255
255
