6
7
11
12
14
15
17
19
19
21
24
24
27
28
31
32
33
35
37
38
40
41
45
45
47
48
48
52
53
55
55
57
60
59
63
63
66
65
68
72
71
72
74
75
76
77
79
81
82
83
84
85
87
88
89
93
94
95
96
98
99
101
102
104
105
106
108
109
110
112
113
114
115
116
118
119
121
122
123
125
126
127
128
129
130
132
133
134
136
137
138
139
140
141
144
144
144
146
148
148
150
150
151
152
153
154
155
156
158
158
159
160
161
162
163
164
165
166
167
167
169
170
171
172
173
174
175
176
176
177
178
179
180
181
181
182
183
184
185
185
186
188
189
190
191
192
197
191
189
194
192
194
198
199
0
196
205
203
203
194
202
200
204
206
207
208
0
208
209
204
0
207
0
212
220
219
213
215
222
211
218
222
0
0
0
0
216
0
224
0
0
223
221
0
224
229
232
236
226
227
227
237
235
234
0
240
240
250
246
243
244
244
244
249
0
246
0
0
248
254
250
255
255
243
248
0
0
0
247
0
0
0
247
0
0
0
254
254
254
0
0
254
254
255
253
255
0
252
254
254
255
0
255
0
255
255
