6
9
10
12
14
16
17
19
21
22
24
25
28
28
30
32
33
36
37
39
41
43
44
47
47
50
52
52
54
56
57
58
60
62
63
67
67
68
69
70
72
73
74
76
77
79
80
81
83
84
85
87
88
89
91
92
94
95
97
98
100
101
103
105
106
108
109
110
111
112
114
115
117
118
119
121
121
123
124
126
127
129
130
131
133
134
135
136
137
139
140
142
142
143
145
146
147
147
149
150
150
151
152
153
154
155
157
157
158
160
161
161
162
164
164
165
166
167
168
169
170
171
172
173
174
175
176
177
178
179
180
180
181
182
183
184
185
185
187
189
190
190
191
190
193
188
193
198
191
194
199
197
0
195
198
198
198
0
196
202
0
202
205
208
0
0
209
204
0
208
208
213
0
212
0
0
219
213
211
220
223
0
0
0
216
0
0
223
227
225
223
223
0
0
226
229
0
227
227
230
239
227
236
234
240
244
232
0
233
248
247
246
255
250
244
0
253
0
0
252
251
239
253
243
248
0
0
0
0
0
247
247
0
0
0
254
0
254
254
255
254
254
0
253
254
254
255
252
0
255
254
0
0
255
255
255
