5
8
8
14
15
19
20
22
23
26
27
28
29
35
35
36
37
39
41
46
47
48
50
51
53
54
56
58
58
61
63
64
65
67
68
70
71
72
74
75
76
78
80
83
83
85
86
87
89
89
92
94
95
99
98
98
101
103
104
105
108
109
110
112
113
114
116
117
118
120
121
122
123
125
125
129
130
130
131
133
134
135
138
139
141
141
143
146
147
149
149
149
146
148
142
152
0
149
153
156
159
149
154
0
163
164
164
166
164
159
0
161
153
0
0
173
163
182
0
0
170
0
170
0
0
186
0
0
183
0
185
184
175
181
0
175
187
0
0
0
0
196
0
0
192
0
0
206
196
189
203
201
197
0
205
200
204
196
0
209
209
205
213
217
213
214
204
220
217
215
217
221
0
202
206
221
223
224
225
0
0
0
230
230
0
228
231
0
0
232
0
230
0
0
225
226
0
242
0
229
247
246
250
248
252
249
251
252
254
253
252
250
0
248
0
0
249
249
255
255
0
255
0
255
255
255
0
0
0
255
0
0
0
0
0
0
0
0
0
0
0
0
0
0
0
0
0
0
0
0
0
0
0
0
0
0
