3
5
8
13
15
16
18
20
22
23
26
27
29
32
33
36
37
40
42
43
45
47
49
51
52
53
55
57
58
60
62
63
64
66
68
69
70
72
73
74
76
77
78
79
81
83
85
86
86
88
90
92
93
95
97
98
100
101
103
104
106
107
109
110
111
113
114
115
117
118
119
120
122
123
124
126
127
128
130
131
133
133
134
136
136
135
138
142
140
135
141
142
143
145
148
0
155
0
148
156
155
154
153
0
161
162
163
148
162
158
166
166
166
158
167
0
167
166
180
171
0
0
180
177
179
0
176
173
177
170
178
0
0
0
188
0
0
189
187
0
190
0
201
194
195
184
0
191
198
199
203
198
194
204
205
203
205
208
209
210
210
206
212
212
213
0
213
197
214
220
0
219
0
0
220
223
0
224
223
0
221
0
0
222
0
0
0
0
0
223
221
0
0
238
230
237
239
240
0
244
241
244
249
246
245
0
243
0
0
247
250
253
247
0
0
255
254
255
0
255
0
0
0
0
255
0
0
0
0
0
0
0
0
0
0
0
0
0
0
0
0
0
0
0
0
0
0
0
0
0
0
0
0
0
0
0
