4
6
9
14
14
16
18
21
23
25
25
29
31
32
34
37
37
41
42
40
43
45
46
47
50
52
54
56
57
58
60
62
63
65
66
67
69
70
71
72
74
76
77
79
81
81
83
85
85
88
88
89
91
92
95
96
97
99
100
103
104
105
106
108
109
110
112
113
114
115
117
119
120
121
123
124
125
127
128
129
131
132
133
135
136
137
138
139
143
143
140
142
144
147
153
151
147
144
149
153
150
0
0
158
159
155
160
160
147
164
162
163
165
174
160
159
168
168
0
171
0
169
171
180
181
0
176
176
173
175
171
180
179
0
0
0
0
188
0
186
188
191
0
0
196
195
191
201
0
192
186
199
198
203
194
201
198
205
205
210
208
208
200
207
209
210
0
213
199
213
208
0
218
0
0
0
0
220
220
0
0
221
0
222
222
0
0
0
0
0
223
232
222
232
0
228
237
237
242
0
238
241
244
248
243
0
243
0
0
244
250
247
247
0
0
0
254
0
255
255
254
0
0
255
0
0
0
0
0
0
0
0
0
0
0
0
0
0
0
0
0
0
0
0
0
0
0
0
0
0
0
0
0
0
0
0
