0
14
13
15
19
20
22
23
26
24
27
27
29
32
33
35
36
38
41
42
44
47
46
50
51
53
53
56
57
59
60
63
64
65
67
68
69
71
72
73
76
78
79
79
81
81
85
85
87
87
91
91
93
95
95
99
99
101
103
104
105
106
108
109
111
114
114
114
117
118
119
121
122
124
125
127
128
129
130
131
133
134
135
136
138
139
140
141
144
145
146
147
148
149
150
151
152
153
154
155
156
157
158
159
160
161
162
163
164
165
166
167
168
168
169
171
171
173
174
175
175
177
177
178
179
180
181
182
182
183
184
185
186
188
188
189
190
191
192
192
192
194
195
195
196
196
197
199
199
200
200
202
202
203
203
204
205
206
207
208
208
209
210
211
212
212
213
214
215
215
216
217
217
218
219
219
220
221
222
223
223
224
225
225
226
227
227
228
231
232
232
233
234
236
235
236
243
231
242
240
243
243
243
254
242
241
242
246
252
253
255
245
252
254
0
0
252
0
0
254
254
0
248
250
0
255
254
253
0
254
255
255
252
255
255
255
255
0
255
254
255
255
0
255
255
254
255
255
254
255
255
255
254
255
255
255
