9
0
21
19
16
18
14
24
22
25
26
30
31
32
35
38
38
39
41
44
44
47
48
50
51
54
55
56
59
61
62
63
65
65
68
68
70
72
72
73
75
77
79
80
82
81
86
86
88
91
90
93
93
98
97
98
102
102
104
105
107
106
111
111
112
113
114
115
117
118
120
121
122
123
125
126
127
129
130
132
133
134
136
137
138
139
142
143
144
145
146
147
148
149
150
151
152
153
154
155
156
157
160
159
160
161
162
163
164
165
166
167
168
171
172
172
172
175
173
176
177
178
179
180
181
181
183
182
183
185
187
187
189
189
189
190
189
193
193
192
193
194
194
195
196
197
198
198
199
200
201
201
203
204
205
205
206
206
208
209
209
210
211
212
213
213
213
214
214
216
217
217
218
219
219
220
221
221
222
223
224
225
226
226
227
228
229
229
229
230
233
233
234
235
235
237
237
239
237
240
243
240
237
245
242
0
252
239
252
253
243
248
251
0
0
254
247
252
0
0
254
254
250
251
0
254
0
250
0
253
255
255
252
255
254
255
0
0
255
254
255
0
255
255
0
255
255
253
253
255
255
255
255
255
255
255
