0
15
0
16
18
19
23
22
23
25
28
30
31
33
33
36
37
36
42
44
45
45
45
50
51
53
54
57
57
60
60
62
64
65
67
69
69
71
72
74
75
77
78
81
81
83
85
85
87
90
89
90
94
96
96
96
99
102
101
103
104
106
107
109
110
111
113
115
118
117
122
122
123
124
125
127
128
130
131
133
134
135
136
138
139
140
142
144
145
146
147
147
148
149
150
151
152
153
154
155
156
157
158
159
160
161
162
163
164
165
166
167
168
169
170
171
172
173
174
175
175
177
177
178
180
180
182
182
184
184
185
186
186
188
188
189
190
190
192
192
193
192
195
194
196
196
197
197
199
200
200
201
201
203
203
204
205
206
207
207
208
209
209
211
211
212
214
215
214
215
216
216
217
218
218
219
219
220
221
222
223
224
224
225
226
227
227
231
229
231
230
231
233
231
235
238
237
237
240
240
242
240
243
244
241
243
241
242
252
253
255
248
248
252
0
255
252
0
255
254
255
248
250
253
254
0
253
251
0
254
255
0
252
255
255
255
255
255
255
254
254
255
255
255
255
255
255
255
254
254
255
255
254
255
255
255
