5
8
8
14
15
18
20
20
22
23
27
27
29
35
35
36
37
39
41
45
47
48
50
51
53
54
55
58
58
61
63
64
65
67
64
65
66
68
69
71
72
73
75
76
76
77
80
81
81
82
83
84
86
87
89
89
91
94
94
105
98
100
102
111
112
113
115
116
117
118
120
121
122
124
125
126
128
129
131
132
133
134
136
137
138
141
142
143
144
145
146
147
148
149
150
151
152
153
154
155
156
157
160
159
160
161
162
163
164
165
165
165
165
166
167
168
164
171
172
173
174
175
176
177
178
178
179
180
181
182
177
185
186
187
188
188
189
190
191
192
193
193
194
189
194
195
190
196
198
199
199
200
202
202
203
204
205
205
207
207
208
209
209
210
211
212
213
213
214
216
217
217
218
219
219
220
221
221
222
222
224
225
226
226
227
228
229
229
229
230
233
233
234
235
235
236
237
239
240
241
241
243
249
249
251
251
250
253
253
255
255
255
255
255
255
255
255
255
255
255
255
255
255
255
255
255
255
255
255
255
255
255
255
255
255
255
254
255
255
254
253
254
255
255
255
255
255
254
255
255
255
255
255
255
255
255
