3
5
8
12
15
16
18
20
21
23
24
27
29
30
33
36
37
39
42
43
45
47
49
51
52
53
55
57
57
60
62
63
64
66
67
68
67
68
69
70
72
73
74
76
77
79
80
81
83
84
85
87
88
89
91
92
94
95
97
98
100
107
103
105
106
113
114
115
117
118
119
120
122
123
125
126
128
129
130
131
133
133
135
136
138
139
140
141
144
145
146
147
148
149
150
151
152
153
154
155
156
157
158
159
160
161
162
163
164
165
161
161
162
164
164
165
166
168
168
169
170
171
172
173
174
175
179
180
181
182
183
183
184
182
186
187
188
189
190
190
191
192
193
194
194
195
196
196
197
199
199
200
201
202
202
203
205
205
206
207
208
208
209
209
210
211
213
214
215
215
216
217
217
218
218
219
220
221
222
222
223
224
225
225
226
227
227
227
228
229
229
230
232
234
235
235
236
238
239
239
242
242
243
252
252
254
253
254
254
255
255
255
255
255
255
255
255
255
255
255
255
255
255
255
255
255
255
255
255
254
255
255
255
255
255
255
255
255
254
255
255
255
254
255
255
254
255
255
255
255
255
255
255
255
255
255
