4
6
9
14
14
16
18
21
23
24
25
27
29
30
32
33
37
41
42
40
42
45
46
47
50
52
54
56
57
58
60
62
63
65
66
67
69
70
71
72
72
72
74
75
76
78
79
81
82
83
84
85
87
88
89
93
94
95
96
98
99
101
102
104
109
110
111
109
114
112
117
119
120
121
123
124
125
127
131
132
131
133
136
138
139
140
142
144
145
146
147
147
148
149
150
151
152
153
154
155
156
157
158
159
160
161
162
163
164
165
166
167
168
162
163
164
166
166
167
167
169
170
173
173
175
176
176
177
178
179
180
181
182
182
183
182
185
186
187
188
189
190
190
191
192
193
194
194
195
196
197
198
199
200
201
201
202
203
204
204
205
206
209
210
209
209
210
215
211
215
216
216
217
218
218
219
219
220
221
222
223
224
224
225
226
224
225
225
226
227
227
228
229
231
231
232
234
235
236
237
251
252
253
253
253
253
254
254
255
254
255
255
255
255
255
255
255
255
255
255
255
255
255
255
255
255
255
255
255
254
255
255
255
255
255
255
255
255
254
255
255
255
255
255
255
255
255
254
255
254
255
255
255
255
255
255
