0
0
0
0
0
0
0
0
0
0
0
0
0
0
0
42
32
42
33
40
38
50
46
54
53
51
55
53
55
57
63
60
59
64
67
65
66
68
70
70
71
76
75
76
79
79
80
84
83
84
87
89
89
91
92
94
95
96
99
102
102
101
105
104
106
107
109
112
113
114
114
117
117
118
120
122
122
124
126
128
127
131
132
133
132
134
134
138
139
141
142
143
143
144
147
146
148
150
150
152
152
153
154
155
157
157
157
160
160
161
162
163
163
167
165
168
168
170
170
172
172
173
173
174
175
176
177
177
178
179
180
181
182
182
183
184
185
186
187
188
189
190
190
191
192
193
194
194
195
196
197
198
199
200
201
201
202
203
203
204
205
206
207
208
208
209
210
210
211
212
213
213
214
215
216
217
217
218
219
219
220
221
221
222
223
224
225
225
226
227
227
228
229
231
231
232
234
235
236
237
251
252
253
253
253
253
254
254
255
254
255
255
255
255
255
255
255
255
255
255
255
255
255
255
255
255
255
255
255
254
255
255
255
255
255
255
255
255
255
255
255
255
255
255
255
255
255
0
255
255
255
255
255
255
255
255
