0
0
0
0
0
0
0
0
0
0
0
0
0
43
45
48
41
0
44
46
53
48
49
52
53
55
56
57
58
59
61
63
64
66
67
68
69
70
71
72
74
77
77
78
79
81
82
85
84
87
90
90
93
92
93
96
97
100
100
102
103
105
105
109
109
111
112
113
115
115
117
118
118
121
123
123
124
126
127
129
132
132
133
134
137
137
137
140
143
143
144
143
146
148
148
150
151
153
152
155
155
156
157
158
159
159
160
161
163
163
165
164
166
168
168
169
170
170
171
173
174
175
176
176
177
177
179
180
181
182
183
183
184
185
186
187
188
189
190
190
191
192
193
194
194
195
196
196
197
199
199
200
201
202
202
203
204
205
206
207
207
208
209
209
210
211
211
212
213
214
214
215
215
217
217
218
218
220
220
221
222
223
223
224
225
225
226
227
228
229
229
230
232
234
233
235
236
238
239
239
242
242
243
252
252
254
253
254
254
255
255
255
255
255
255
255
255
255
255
255
255
255
255
255
255
255
255
255
255
254
255
255
255
255
255
255
255
255
0
255
254
255
254
255
0
254
254
0
255
255
255
255
255
255
255
255
