0
0
0
0
0
0
0
0
0
28
0
0
0
33
36
0
42
44
44
39
45
43
47
50
50
54
59
53
58
61
61
62
61
65
67
69
70
69
71
72
75
76
76
78
79
80
82
83
85
87
88
88
91
92
93
95
98
98
101
102
105
107
106
108
110
109
110
114
115
115
118
119
120
121
125
125
127
125
129
129
130
134
134
135
136
137
139
139
140
143
144
144
147
146
147
149
149
150
153
153
154
155
157
157
158
158
161
162
163
165
165
165
165
166
167
168
169
171
172
173
174
175
176
177
178
178
179
180
181
182
183
184
186
187
188
188
189
190
191
192
193
193
194
194
194
195
196
196
198
198
199
200
200
202
203
204
204
205
207
207
208
209
209
210
211
212
212
213
213
214
215
214
216
217
218
218
219
220
221
222
222
223
222
224
224
224
225
226
227
228
229
230
232
234
235
236
237
239
240
241
241
243
249
249
251
251
250
253
253
255
255
255
255
255
255
255
255
255
255
255
255
255
255
255
255
255
255
255
255
255
255
255
255
255
255
255
254
255
255
255
253
255
255
255
255
253
255
254
255
255
255
255
255
255
255
255
