0
0
0
0
0
0
0
0
5
6
8
9
11
13
15
16
18
20
22
23
25
27
29
32
33
35
37
39
41
43
45
47
49
51
53
55
57
59
61
63
65
67
69
71
74
76
78
80
81
84
86
88
90
92
94
96
98
100
102
105
106
108
111
113
114
117
119
120
123
125
128
130
131
133
135
138
139
142
144
146
148
150
152
154
156
158
160
162
165
166
168
171
173
174
176
179
181
183
185
187
190
192
193
195
198
199
201
204
206
207
209
212
214
215
218
221
222
225
227
229
231
233
234
237
240
240
242
244
244
245
247
247
248
248
248
248
249
249
249
249
250
249
251
251
251
251
251
251
251
251
251
251
251
251
251
251
251
251
251
251
251
252
252
252
252
252
252
252
252
252
252
252
252
252
252
252
252
252
252
252
252
252
252
252
252
252
252
254
254
254
254
254
254
254
254
254
254
254
254
254
254
254
254
254
254
254
254
254
254
254
254
254
254
254
254
254
254
254
254
254
254
254
254
254
254
254
254
254
254
254
254
254
255
254
254
255
255
254
255
255
254
254
254
255
254
254
254
252
252
251
252
251
251
251
251
244
