0
0
0
0
0
2
3
4
5
7
8
9
11
13
15
16
18
20
22
23
25
26
29
30
33
34
36
38
40
42
43
45
47
49
51
53
55
57
59
62
64
65
67
69
71
73
75
78
79
81
83
85
86
89
91
93
94
96
98
100
102
104
105
108
110
112
114
117
119
121
122
124
127
128
130
133
135
136
139
141
143
145
147
149
150
153
155
157
159
161
163
165
167
170
173
175
177
179
181
182
186
188
190
193
194
196
198
200
202
204
205
207
210
211
213
216
216
219
222
224
225
226
228
231
231
234
234
236
239
239
241
242
242
243
246
246
246
247
248
248
248
249
248
250
250
250
250
250
250
250
250
250
251
251
250
251
251
251
251
251
251
251
251
251
251
251
251
251
251
251
251
251
251
251
251
251
253
251
253
253
251
253
253
253
253
253
253
253
253
253
253
253
253
253
253
253
253
253
253
253
253
253
253
253
253
253
253
253
253
253
253
253
253
253
253
253
253
253
253
253
253
253
253
253
253
253
253
253
253
253
253
253
253
253
253
253
253
253
253
251
253
251
251
251
250
251
250
251
250
250
250
250
250
250
250
243
