0
0
0
1
3
4
6
7
9
11
12
14
16
17
19
20
22
24
26
28
30
32
33
35
37
39
41
43
45
47
49
50
53
55
57
58
61
62
64
66
68
70
72
74
76
78
80
82
84
86
88
90
92
94
95
98
100
102
105
106
109
110
112
114
116
118
120
123
124
127
129
130
133
135
137
138
141
143
145
147
149
151
153
155
157
159
161
163
165
167
169
172
173
175
177
179
181
183
186
188
190
192
194
196
198
199
202
204
205
207
210
212
214
215
218
220
221
224
226
228
230
231
234
236
237
239
241
243
244
245
246
247
248
249
249
250
250
250
250
251
251
251
251
251
251
251
251
251
251
251
251
251
251
251
251
251
252
252
252
252
252
252
252
252
252
252
252
252
252
252
252
252
252
252
252
252
252
252
253
252
252
253
253
253
253
253
253
253
253
253
253
253
253
253
253
253
253
253
253
253
253
253
253
253
253
253
253
253
253
253
253
253
253
253
253
253
253
253
253
253
253
253
253
253
253
253
253
253
253
253
253
253
253
253
253
253
253
253
253
253
253
252
252
252
252
251
251
250
249
249
249
249
248
248
248
244
