12
9
7
8
6
7
8
9
10
12
14
15
17
19
20
22
23
25
26
28
29
30
32
34
35
37
38
41
42
44
46
47
49
51
51
53
55
56
59
60
62
64
65
67
70
71
73
75
77
79
82
83
85
86
88
90
92
93
95
97
98
100
102
103
105
107
109
110
112
114
116
117
119
121
122
124
126
128
130
131
133
135
136
139
141
142
144
146
148
149
151
153
155
157
158
160
162
164
165
167
169
171
172
174
176
177
179
180
182
184
185
187
188
190
192
193
195
196
197
199
200
202
204
205
207
209
211
212
214
215
217
219
221
222
223
225
227
228
230
232
233
235
237
239
240
242
243
245
246
248
249
250
251
252
252
252
252
252
252
252
252
253
253
253
253
253
253
253
253
253
253
253
253
253
253
253
253
253
253
253
253
253
253
253
253
253
253
253
253
253
253
253
253
253
253
253
253
253
253
253
254
254
254
254
254
254
254
254
254
254
254
254
254
254
254
254
254
254
254
254
254
254
254
254
254
254
254
254
254
254
254
254
254
254
254
254
254
254
254
254
254
254
254
254
254
254
254
254
254
254
254
254
253
253
252
251
