14
12
14
8
6
6
8
10
11
12
14
16
17
19
20
21
23
24
26
27
29
30
31
34
36
38
39
40
41
44
46
47
49
49
51
53
54
57
57
60
62
63
65
66
69
71
72
74
77
78
81
82
85
87
88
90
92
93
95
97
99
100
102
103
106
107
109
111
112
115
116
118
120
122
124
126
128
129
131
133
134
136
137
139
141
142
144
145
147
148
150
151
153
155
156
158
160
162
163
165
167
168
171
173
174
176
177
179
180
182
184
186
187
189
191
193
194
195
199
199
200
201
204
205
209
210
211
213
214
215
219
220
221
224
225
226
229
230
233
234
235
237
239
240
243
244
245
247
248
249
250
251
251
251
252
252
252
252
252
252
252
252
252
253
252
252
252
252
253
253
253
253
253
253
253
253
254
254
254
254
254
254
254
254
254
254
254
254
254
254
254
254
254
254
254
254
254
254
254
254
254
254
254
254
254
254
254
254
254
254
254
254
254
254
254
254
254
254
254
254
254
254
254
254
254
254
254
254
254
254
254
254
254
254
254
254
254
254
254
254
254
254
254
254
254
254
254
254
254
254
254
252
252
252
252
249
