13
6
5
6
5
5
7
9
10
12
13
15
16
18
19
20
22
24
25
27
28
30
31
33
34
36
38
39
41
43
44
46
47
49
50
51
53
54
56
58
59
61
62
64
66
67
69
71
73
74
76
78
80
81
83
84
86
87
89
90
92
93
94
96
97
99
100
102
103
105
106
108
110
111
113
115
116
118
120
122
123
125
127
129
130
132
134
136
138
140
141
143
144
146
148
149
151
153
154
156
158
159
161
162
164
166
168
169
171
173
174
175
176
179
180
181
183
184
186
187
189
191
192
194
196
197
199
201
202
204
206
207
209
210
212
214
216
218
219
221
222
224
226
227
229
231
233
234
235
237
240
241
242
243
245
247
248
248
250
250
250
250
250
250
250
251
250
251
251
251
251
251
251
251
251
251
251
251
251
251
251
251
251
251
251
251
251
251
251
251
251
251
251
251
251
251
251
251
251
251
251
251
251
251
251
251
251
250
251
251
251
251
250
251
251
251
251
251
251
251
251
251
251
251
251
251
251
251
251
252
252
252
252
252
252
252
252
253
253
253
253
253
253
253
253
253
253
253
253
252
251
251
251
251
251
250
